Negotiation Time:
	12.153 11.872 8.699 11.056 9.635 10.394 9.901 12.809 7.981 10.492 8.696 7.883 8.446 9.187 8.050 11.337 9.657 8.260 9.468 8.504 10.320 7.912 9.218 8.630 8.506 7.987 7.988 10.327 9.476 7.648
	
>>> array=[12.153, 11.872, 8.699, 11.056, 9.635, 10.394, 9.901, 12.809, 7.981, 10.492, 8.696, 7.883, 8.446, 9.187, 8.050, 11.337, 9.657, 8.260, 9.468, 8.504, 10.320, 7.912, 9.218, 8.630, 8.506, 7.987, 7.988, 10.327, 9.476, 7.648]
>>> len(array)
30
>>> sum(array)/30
9.4164
	
ScanTime£º
	2.004 2.003 2.005 2.011 2.004 2.004 2.003 2.003 2.007 2.002 2.004 2.005 2.005 2.006 2.005 2.006 2.004 2.004 2.003 2.002 2.005 2.007 2.015 2.003

9.416+2.005=11.421