10M文件使用UDP通过Bluetooth在两台Nexus 5设备上传输测试以下为传输时间，单位ms
43793 
>>> 10/43.793
0.22834699609526637

5M文件
22133 21664
21898.5
>>> 5/21.8985
0.22832614105988996


2M文件
8498 8510 8568 8542
>>> array=[8498, 8510, 8568, 8542]
>>> len(array)
4
>>> sum(array)/4.0
8529.5
>>> 2/8.5295
0.2344803329620728


1M文件
4299 4291 4429 4268 4334 4279 4314 4247
>>> array=[4299, 4291, 4429, 4268, 4334, 4279, 4314, 4247]
>>> len(array)
8
>>> sum(array)/8.0
4307.625
>>> 1/4.307625
0.2321464844316764


750K
3156 3091 3025 3055 3021 3074 2968 3060 3035 3074 3097 3161 3095
>>> array=[3156, 3091, 3025, 3055, 3021, 3074, 2968, 3060, 3035, 3074, 3097, 3161, 3095]
>>> len(array)
13
>>> sum(array)/13.0
3070.153846153846
>>> 750/3070.153846153846
0.2442874323511726


500K
1971 1937 1918 1898 1974 2191 2069 2150 2080 2041 2074 2109
>>> array=[1971, 1937, 1918, 1898, 1974, 2191, 2069, 2150, 2080, 2041, 2074, 2109]
>>> len(array)
12
>>> sum(array)/12.0
2034.3333333333333
>>> 500/2034.3333333333333
0.24578076355890546


250K
775 755 735 700 732 757 733 752 729 757 719 756
>>> array=[775, 755, 735, 700, 732, 757, 733, 752, 729, 757, 719, 756]
>>> len(array)
12
>>> sum(array)/12.0
741.6666666666666
>>> 250/741.6666666666666
0.33707865168539325


100K文件
240 223 246 220 216 211 209 258 269 205 254 213
>>> array=[240, 223, 246, 220, 216, 211, 209, 258, 269, 205, 254, 213]
>>> len(array)
12
>>> sum(array)/12.0
230.33333333333334
>>> 100/230.33333333333334
0.4341534008683068


70K
3 3 2 2 4 3 4 4 5 11 3 3 3 2 3 4 4
>>> array=[3, 3, 2, 2, 4, 3, 4, 4, 5, 11, 3, 3, 3, 2, 3, 4, 4]
>>> len(array)
17
>>> sum(array)/17.0
3.7058823529411766
>>> 70/3.7058823529411766
18.88888888888889


50K
4 6 3 3 3 3 2 2 6 11 3 8 2 2 4 2 3 3 3 2
>>> array=[4, 6, 3, 3, 3, 3, 2, 2, 6, 3, 8, 2, 2, 4, 2, 3, 3, 3, 2]
>>> len(array)
19
>>> sum(array)/19.0
3.3684210526315788


25K
3 1 2 1 6 2 3 3 5 1 1 2 4 2 4 1 3 1 1 2 3
>>> array=[3, 1, 2, 1, 6, 2, 3, 3, 5, 1, 1, 2, 4, 2, 4, 1, 3, 1, 1, 2, 3]
>>> len(array)
21
>>> sum(array)/21.0
2.4285714285714284
>>> 25/2.4285714285714284
10.294117647058824


10K
1 

1K

