10M文件使用UDP通过Wi-Fi Direct在两台Nexus 5设备上传输测试以下为传输时间，单位ms
1644 1747 2085 1690 1736 1607 1613 1671 1683 1689 1749 1764 1604 1499 1964 1633 1726 1540 1622 1718 
1811 2131 1828 1885 2147 2534 3856 4549 3964 1941 2012 2204 1879 2493 2346 2259 2121 2225 1846 1714
1736 1775 1865 1709 1641 1737 1765 1691 1562 1628 1738 1852 1830 1613 1671 1793 1627 1813 1892 1660
2274 2122 1922 3393 1800 1901

>>array=[1644, 1747, 2085, 1690, 1736, 1607, 1613, 1671, 1683, 1689, 1749, 1764, 1604, 1499, 1964, 1633, 1726, 1540, 1622, 1718]
>>len(array)
>>> sum(array)/20.0
1699.2
>>> 10/1.6992
5.885122410546139

5M文件
1456 1210 1309 1107 1076 1558 1950 1218 1199 893 1162 839 1848 1171
>>> array=[1456, 1210, 1309, 1107, 1076, 1558, 1950, 1218, 1199, 893, 1162, 839, 1848, 1171]
>>> len(array)
14
>>> sum(array)/14.0
1285.4285714285713
>>> 5/1.2854285714285713
3.889753278506335


2M文件
541 462 529 617 498 529 569 445 508 385 414 391 475 410 474 
>>> array=[541, 462, 529, 617, 498, 529, 569, 445, 508, 385, 414, 391, 475, 410, 474]
>>> len(array)
15
>>> sum(array)/15.0
483.1333333333333
>>> 2/0.4831333333333333
4.139643990616807



1M文件
195 178 171 203 175 181 162 145 177 198 177 158 130 201 178 198 182 181 191 203 229 188 294 214 386 363 172 204 217 191
>>> array=[195, 178, 171, 203, 175, 181, 162, 145, 177, 198, 177, 158, 130, 201, 178, 198, 182, 181, 191, 203, 229, 188, 294, 214, 386, 363, 172, 204, 217, 191]
>>> len(array)
30
>>> sum(array)/30.0
201.4
>>> 1/0.2014
4.96524329692155




750K
248 190 208 168 133 181 158 142 150 186 194 158 170 193 182 104 175 134 
>>> array=[248, 190, 208, 168, 133, 181, 158, 142, 150, 186, 194, 158, 170, 193, 182, 104, 175, 134]
>>> len(array)
18
>>> sum(array)/18.0
170.77777777777777
>>> 750/170.77777777777777
4.39167208848406


500K
194 144 124 76 125 115 70 80 99 80 118 145 84 73 60 94 139 68 123
>>> array=[194, 144, 124, 76, 125, 115, 70, 80, 99, 80, 118, 145, 84, 73, 60, 94, 139, 68, 123]
>>> len(array)
19
>>> sum(array)/19.0
105.84210526315789
>>> 500/105.84210526315789
4.724017901541522


250K
10 12 13 19 8 9 12 23 11 28 33 9 8 9 46 9 25 15 23
>>> array=[10, 12, 13, 19, 8, 9, 12, 23, 11, 28, 33, 9, 8, 9, 46, 9, 25, 15, 23]
>>> len(array)
19
>>> sum(array)/19.0
16.94736842105263
>>> 250/16.94736842105263
14.751552795031056



100K文件
7 7 7 12 14 10 8 11 4 4 6 9 3 5 5 7 32 5 4 6 9 37 3 5 5 7 32 5 4 18 6 13 33 14 4 7 8 37 6 32 2 33 4 24 9 5 5 4 12 8 8 6 8 4 9 6 6 5 4 4 10 6 9 3 8 7 3
>>> array=[7, 7, 7, 12, 14, 10, 8, 11, 4, 4, 6, 9, 3, 5, 5, 7, 32, 5, 4, 6, 9, 37, 3, 5, 5, 7, 32, 5, 4, 18, 6, 13, 33, 14, 4, 7, 8, 37, 6, 32, 2, 33, 4, 24, 9, 5, 5, 4, 12, 8, 8, 6, 8, 4, 9, 6, 6, 5, 4, 4, 10, 6, 9, 3, 8, 7, 3]
>>> len(array)
67
>>> sum(array)/67.0
9.895522388059701
>>> 100/9.895522388059701
10.105580693815988


70K
4 6 8 4 2 6 16 8 21 3 3 3 4 4 4 3 4
>>> array=[4, 6, 8, 4, 2, 6, 16, 8, 21, 3, 3, 3, 4, 4, 4, 3, 4]                 >>> len(array)
17
>>> sum(array)/17.0
6.0588235294117645
>>> 70/6.0588235294117645
11.553398058252428


50K
3 4 11 3 4 4 2 4 9 3 4 4 4 5 11 6 6 4 12 2 4 4 6
>>> array=[3, 4, 11, 3, 4, 4, 2, 4, 9, 3, 4, 4, 4, 5, 11, 6, 6, 4, 12, 2, 4, 4, 6]
>>> len(array)
23
>>> sum(array)/23.0
5.173913043478261
>>> 50/5.173913043478261
9.663865546218487



25K
3 19 5 2 7 18 6 14 3 3 5 2 3 3 1 4 2
>>> array=[3, 19, 5, 2, 7, 18, 6, 14, 3, 3, 5, 2, 3, 3, 1, 4, 2]
>>> len(array)
17
>>> sum(array)/17.0
5.882352941176471
>>> 25/5.882352941176471
4.25



10K
1 


