Active Scan:
	1412  2511  2976  987   2042  2413  1483  2491  2457  2753  2029  946   1419  1976  3534  2462  1917  2037  3590  1356  1953  2501  3043  2047  1357  2831  2612  2089  1983  3558  2193  
	8065  3562  2854  3490  2282  9618  4076  2544  3443  4747  2840  2776  3895  3736  7381  3676  4843  2823  2757  3466  3439  2288  2533  2358  4666  2499  3829  3123  4808  5923  2042
	41  10
Autonomous:
	1479  2256  1436  1352  1416  1379  1322  1553  993   2060  1938  1931  1522  991   1948  2053  1943  1934  2055  1950  2044  1934  1942  1352  980   2001  2944  1992  1981  1388  1811  1373  1539  1839  1443  1394  1941  1474  1515
	2193  4953  15576 2243  3236  2234  2179  2448  2224  3338  3212  3319  4054  2145  3277  3330  3158  3137  3246  3165  3310  3219  4067  2253  2217  3229  2155  3309  3293  2177  2288  2207  5135  2327  7477  16752 3188  2121  2221
	48  9
Persistant:
	1926  1007  3196  1009  3453  1010  1934  1519  1940  1012  1950  2957  4900  1776  2472  994   5599  1934  1018  1946  1010  3203  3543  1945  1012  1946  2577  1029  1926  2515  3394  1422  1953  1932  1861  1010  1928  1921  2387  1030  1013  1945  1357  1924  2347  2328  1919  1004  1953  1021  2233  2461  1013  4198  1030  1920  1942  996   1940  3963  1012  2336  1013  2366  2993  1004  1018  1945  6032  2769  1530  1011
	1625  8694  8751  8282  7789  8279  7770  1841  8241  1563  8324  1599  9096  1649  11306 1990  8284  7821  8337  7623  8351  7775  11062 10879 1466  8294  2063  8425  10913 8281  2561  1438  10563 2269  7600  1422  10983 8462  8205  1424  8185  2735  7588  8275  15499 7803  8261  1443  8483  1453  7804  8377  1509  10951 2781  8327  8390  7646  2059  2070  5402  8282  7724  8363  8508  8156  7681  8273  13532 8338  4141  3479
	100%
Service Discovery:
	1648  1999  5568  2910  2138  5320  2949  4330  2437  2490  3141  2558  1913  2280  1478  1638  3681  2264  3082  2994  5310  2060  2784  5454  2367  2652  2450 
	6843  4944  3531  2366  4076  2497  3714  2845  3239  2555  2234  4063  3815  2423  7496  3701  2412  2468  3462  2744  2308  5412  3111  5542  3145  2999  3181
	37  10